Date,All SGTF,SGTF <=30 Ct,SGTF >30 Ct,No SGTF,COVID positive,Percentage SGTF <=30 Ct,Percentage All SGTF
12/1/21,1,0,1,50,51,0,2
12/2/21,1,0,1,37,38,0,2.6
12/3/21,0,0,0,44,44,0,0
12/4/21,2,1,1,161,163,0.6,1.2
12/5/21,0,0,0,4,4,0,0
12/6/21,0,0,0,28,28,0,0
12/7/21,2,2,0,173,175,1.1,1.1
12/8/21,3,1,2,45,48,2.1,6.3
12/9/21,2,2,0,19,21,9.5,9.5
12/10/21,2,0,2,21,23,0,8.7
12/11/21,12,10,2,98,110,9.1,10.9
12/12/21,1,1,0,45,46,2.2,2.2
12/13/21,10,6,4,38,48,12.5,20.8
12/14/21,31,24,7,96,127,18.9,24.4
12/15/21,23,19,4,76,99,19.2,23.2
12/16/21,35,33,2,49,84,39.3,41.7
12/17/21,33,29,4,56,89,32.6,37.1
12/18/21,37,34,3,40,77,44.2,48.1
12/19/21,36,35,1,33,69,50.7,52.2
12/20/21,124,114,10,82,206,55.3,60.2
12/21/21,198,175,23,89,287,61,69
12/22/21,219,201,18,92,311,64.6,70.4
12/23/21,280,258,22,76,356,72.5,78.7
12/24/21,289,237,52,108,397,59.7,72.8
12/25/21,108,103,5,48,156,66,69.2
12/26/21,243,226,17,88,331,68.3,73.4
12/27/21,414,372,42,80,494,75.3,83.8
12/28/21,284,236,48,28,312,75.6,91
12/29/21,612,549,63,67,679,80.9,90.1
12/30/21,456,390,66,61,517,75.4,88.2
12/31/21,248,238,10,65,313,76,79.2
1/1/22,379,316,63,62,441,71.7,85.9
1/2/22,447,376,71,54,501,75,89.2
1/3/22,1016,791,225,78,1094,72.3,92.9
1/4/22,963,704,259,92,1055,66.7,91.3
1/5/22,684,484,200,7,691,70,99
1/6/22,644,490,154,25,669,73.2,96.3
1/7/22,553,416,137,28,581,71.6,95.2
1/8/22,328,228,100,2,330,69.1,99.4
1/9/22,229,161,68,3,232,69.4,98.7
1/10/22,610,463,147,68,678,68.3,90
1/11/22,649,485,164,51,700,69.3,92.7
1/12/22,581,438,143,60,641,68.3,90.6
1/13/22,549,404,145,33,582,69.4,94.3
1/14/22,377,256,121,19,396,64.6,95.2
1/15/22,157,82,75,3,160,51.3,98.1
1/16/22,156,113,43,12,168,67.3,92.9
1/17/22,237,163,74,11,248,65.7,95.6
1/18/22,520,407,113,37,557,73.1,93.4
1/19/22,447,331,116,22,469,70.6,95.3
1/20/22,394,296,98,20,414,71.5,95.2
1/21/22,299,212,87,16,315,67.3,94.9
1/22/22,104,64,40,2,106,60.4,98.1
1/23/22,40,27,13,1,41,65.9,97.6
1/24/22,418,339,79,29,447,75.8,93.5
1/25/22,317,243,74,27,344,70.6,92.2
1/26/22,292,217,75,10,302,71.9,96.7
1/27/22,245,181,64,40,285,63.5,86
1/28/22,170,109,61,14,184,59.2,92.4
1/29/22,54,27,27,2,56,48.2,96.4
1/30/22,47,36,11,3,50,72,94
1/31/22,248,196,52,17,265,74,93.6
2/1/22,164,116,48,14,178,65.2,92.1
2/2/22,154,106,48,8,162,65.4,95.1
2/3/22,126,90,36,14,140,64.3,90
2/4/22,107,84,23,5,112,75,95.5
2/5/22,24,14,10,0,24,58.3,100
2/6/22,35,30,5,1,37,81.1,94.6
2/7/22,139,122,17,15,154,79.2,90.3
2/8/22,130,100,30,6,136,73.5,95.6
2/9/22,118,90,28,5,123,73.2,95.9
2/10/22,97,74,23,1,98,75.5,99
2/11/22,100,75,25,10,110,68.2,90.9
2/12/22,43,37,6,6,49,75.5,87.8
2/13/22,34,29,5,5,39,74.4,87.2
2/14/22,114,91,23,4,118,77.1,96.6
2/15/22,55,37,18,19,74,50,74.3
2/16/22,106,73,33,8,114,64,93
2/17/22,73,52,21,4,77,67.5,94.8
2/18/22,59,43,16,8,67,64.2,88.1
2/19/22,28,20,8,1,29,69,96.6
2/20/22,10,6,4,1,11,54.5,90.9
2/21/22,43,36,7,3,46,78.3,93.5
2/22/22,43,37,6,8,51,72.5,84.3
2/23/22,33,26,7,9,42,61.9,78.6
2/24/22,28,17,11,4,32,53.1,87.5
2/25/22,43,34,9,4,47,72.3,91.5
2/26/22,5,3,2,6,11,27.3,45.5
2/27/22,3,1,2,7,10,10,30
2/28/22,29,16,13,12,41,39,70.7
3/1/22,19,14,5,7,26,53.8,73.1
3/2/22,25,15,10,8,33,45.5,75.8
3/3/22,13,8,5,3,16,50,81.3
3/4/22,11,6,5,7,18,33.3,61.1
3/5/22,4,3,1,2,6,50,66.7
3/6/22,3,1,2,4,7,14.3,42.9
3/7/22,21,20,1,12,33,60.6,63.6
3/8/22,20,17,3,14,34,50,58.8
3/9/22,5,3,2,14,19,15.8,26.3
3/10/22,19,15,4,25,44,34.1,43.2
3/11/22,8,6,2,19,27,22.2,29.6
3/12/22,3,3,0,8,11,27.3,27.3
3/13/22,2,1,1,10,12,8.3,16.7
3/14/22,13,8,5,10,23,34.8,56.5
3/15/22,8,5,3,18,26,19.2,30.8
3/16/22,10,1,9,13,23,4.3,43.5
3/17/22,7,5,2,10,17,29.4,41.2
3/18/22,2,1,1,6,8,12.5,25
3/19/22,0,0,0,2,2,0,0
3/20/22,0,0,0,1,1,0,0
3/21/22,7,5,2,14,21,23.8,33.3
3/22/22,6,4,2,5,11,36.4,54.5
3/23/22,7,5,2,6,13,38.5,53.8
3/24/22,2,2,0,6,8,25,25
3/25/22,5,5,0,8,13,38.5,38.5
3/26/22,0,0,0,2,2,0,0
3/27/22,0,0,0,8,8,0,0
3/28/22,6,4,2,20,26,15.4,23.1
3/29/22,1,1,0,18,19,5.3,5.3
3/30/22,0,0,0,8,8,0,0
3/31/22,1,0,1,9,10,0,10
4/1/22,6,2,4,21,27,7.4,22.2
4/2/22,0,0,0,11,12,0,0
4/3/22,2,1,1,15,17,5.9,11.8
4/4/22,6,2,4,12,21,9.5,28.6
4/5/22,1,1,0,30,31,3.2,3.2
4/6/22,3,1,2,25,29,3.4,10.3
4/7/22,1,1,0,19,22,4.5,4.5
4/8/22,4,1,3,12,16,6.3,25
4/9/22,2,0,2,9,11,0,18.2
4/10/22,1,0,1,4,5,0,20
4/11/22,2,0,2,18,20,0,10
4/12/22,1,0,1,24,25,0,4
4/13/22,2,1,1,27,29,3.4,6.9
4/14/22,1,0,1,23,24,0,4.2
4/15/22,2,0,2,18,20,0,10
4/16/22,4,2,2,10,14,14.3,28.6
4/17/22,2,1,1,8,10,10,20
4/18/22,2,1,1,46,48,2.1,4.2
4/19/22,2,0,2,41,43,0,4.7
4/20/22,6,2,4,47,53,3.8,11.3
4/21/22,2,0,2,35,37,0,5.4
4/22/22,1,1,0,31,32,3.1,3.1
4/23/22,2,1,1,25,27,3.7,7.4
4/24/22,2,1,1,33,35,2.9,5.7
4/25/22,2,1,1,67,69,1.4,2.9
4/26/22,3,2,1,71,74,2.7,4.1
4/27/22,8,2,6,129,137,1.5,5.8
4/28/22,7,0,7,84,91,0,7.7
4/29/22,1,0,1,75,76,0,1.3
4/30/22,2,0,2,51,53,0,3.8
5/1/22,2,1,1,26,28,3.6,7.1
5/2/22,4,2,2,100,104,1.9,3.8
5/3/22,3,0,3,120,123,0,2.4
5/4/22,1,0,1,116,117,0,0.9
5/5/22,6,0,6,85,91,0,6.6
5/6/22,3,0,3,82,85,0,3.5
5/7/22,5,1,4,31,36,2.8,13.9
5/8/22,2,0,2,30,32,0,6.3
5/9/22,5,2,3,56,61,3.3,8.2
5/10/22,8,1,7,81,89,1.1,9
5/11/22,5,2,3,64,69,2.9,7.2
5/12/22,17,1,16,60,77,1.3,22.1
5/13/22,4,1,3,42,46,2.2,8.7
5/14/22,9,2,7,42,51,3.9,17.6
5/15/22,11,9,2,54,65,13.8,16.9
5/16/22,19,3,16,91,110,2.7,17.3
5/17/22,18,7,11,109,127,5.5,14.2
5/18/22,11,1,10,107,118,0.8,9.3
5/19/22,9,1,8,96,105,1,8.6
5/20/22,9,3,6,86,95,3.2,9.5
5/21/22,8,0,8,34,42,0,19
5/22/22,4,1,3,44,48,2.1,8.3
5/23/22,6,0,6,96,102,0,5.9
5/24/22,19,0,19,104,123,0,15.4
5/25/22,22,6,16,112,134,4.5,16.4
5/26/22,17,7,10,86,103,6.8,16.5
5/27/22,14,5,9,69,83,6,16.9
5/28/22,10,5,5,42,52,9.6,19.2
5/29/22,15,6,9,36,51,11.8,29.4
5/30/22,19,5,14,36,55,9.1,34.5
5/31/22,31,16,15,86,117,13.7,26.5
6/2/22,55,19,36,207,262,7.3,21
6/3/22,26,16,10,63,89,18,29.2
6/5/22,16,3,13,51,67,4.5,23.9
6/6/22,47,11,36,69,116,9.5,40.5
6/7/22,33,11,22,50,83,13.3,39.8
6/8/22,31,16,15,47,78,20.5,39.7
6/9/22,26,9,17,34,60,15,43.3
6/10/22,66,38,28,113,179,21.2,36.9
6/11/22,17,9,8,52,69,13,24.6
6/12/22,14,10,4,22,36,27.8,38.9
6/13/22,28,14,14,39,67,20.9,41.8
6/14/22,26,11,15,17,43,25.6,60.5
6/15/22,30,17,13,28,58,29.3,51.7
6/16/22,28,12,16,32,60,20,46.7
6/17/22,21,8,13,20,41,19.5,51.2
6/18/22,11,5,6,8,19,26.3,57.9
6/19/22,7,3,4,7,14,21.4,50
6/20/22,22,11,11,13,35,31.4,62.9
6/21/22,34,16,18,24,58,27.6,58.6
6/22/22,50,29,21,27,77,37.7,64.9
6/23/22,32,22,10,14,46,47.8,69.6
6/24/22,44,28,16,8,52,53.8,84.6
6/25/22,13,5,8,9,22,22.7,59.1
6/26/22,13,10,3,9,22,45.5,59.1
6/27/22,40,25,15,14,54,46.3,74.1
6/28/22,43,27,16,25,68,39.7,63.2
6/29/22,59,29,30,14,73,39.7,80.8
6/30/22,43,25,18,13,56,44.6,76.8
7/1/22,12,7,5,16,28,25,42.9
7/2/22,39,24,15,5,44,54.5,88.6
7/3/22,1,0,1,0,1,0,100
7/5/22,102,63,39,23,125,50.4,81.6
7/6/22,63,33,30,9,72,45.8,87.5
7/7/22,53,29,24,14,67,43.3,79.1
7/8/22,54,26,28,13,67,38.8,80.6
7/9/22,15,9,6,0,15,60,100
7/11/22,85,48,37,14,99,48.5,85.9
7/12/22,55,28,27,6,61,45.9,90.2
7/13/22,35,23,12,6,41,56.1,85.4
7/14/22,64,41,23,5,69,59.4,92.8
7/15/22,68,34,34,15,83,41,81.9
7/16/22,20,13,7,1,21,61.9,95.2
7/18/22,83,57,26,0,83,68.7,100
7/19/22,73,46,27,8,81,56.8,90.1
7/20/22,39,16,23,3,42,38.1,92.9
7/21/22,65,41,24,3,68,60.3,95.6
7/22/22,52,30,22,3,55,54.5,94.5
7/23/22,14,3,11,1,15,20,93.3
7/25/22,72,54,18,5,77,70.1,93.5
7/26/22,43,26,17,5,48,54.2,89.6
7/27/22,31,16,15,3,34,47.1,91.2
7/28/22,28,14,14,1,29,48.3,96.6
7/29/22,51,28,23,4,55,50.9,92.7
7/30/22,16,8,8,1,17,47.1,94.1
8/1/22,44,29,15,4,48,60.4,91.7
8/2/22,32,18,14,1,33,54.5,97
8/3/22,32,16,16,1,33,48.5,97
8/4/22,28,13,15,4,32,40.6,87.5
8/5/22,16,10,6,1,17,58.8,94.1
8/6/22,9,6,3,0,9,66.7,100
8/7/22,11,6,5,1,12,50,91.7
8/8/22,48,29,19,2,50,58,96
8/9/22,37,20,17,0,37,54.1,100
8/10/22,30,20,10,1,31,64.5,96.8
8/11/22,25,17,8,0,25,68,100
8/12/22,18,9,9,0,18,50,100
8/13/22,7,3,4,0,7,42.9,100
8/14/22,12,7,5,0,12,58.3,100
8/15/22,20,12,8,2,22,54.5,90.9
8/16/22,23,13,10,0,23,56.5,100
8/17/22,22,14,8,1,23,60.9,95.7
8/18/22,28,17,11,1,29,58.6,96.6
8/19/22,9,5,4,0,9,55.6,100
8/20/22,4,3,1,0,4,75,100
8/21/22,5,5,0,0,5,100,100
8/22/22,18,13,5,0,18,72.2,100
8/23/22,34,20,14,0,34,58.8,100
8/24/22,24,10,14,1,25,40,96
8/25/22,22,13,9,0,22,59.1,100
8/26/22,13,8,5,0,13,61.5,100
8/27/22,4,3,1,0,4,75,100
8/28/22,3,3,0,0,3,100,100
8/29/22,46,30,16,0,46,65.2,100
8/30/22,28,22,6,0,28,78.6,100
8/31/22,21,17,4,0,21,81,100
9/1/22,19,12,7,1,20,60,95
9/2/22,19,14,5,3,22,63.6,86.4
9/3/22,10,9,1,0,10,90,100
9/4/22,5,2,3,0,5,40,100
9/5/22,10,7,3,0,10,70,100
9/6/22,24,11,13,0,24,45.8,100
9/7/22,29,20,9,2,31,64.5,93.5
9/8/22,26,18,8,2,28,64.3,92.9
9/9/22,10,6,4,1,11,54.5,90.9
9/10/22,7,4,3,0,7,57.1,100
9/12/22,28,17,11,1,29,58.6,96.6
9/13/22,30,17,13,0,30,56.7,100
9/14/22,24,18,6,1,25,72,96
9/15/22,21,13,8,1,22,59.1,95.5
9/16/22,29,14,15,0,29,48.3,100
9/17/22,18,12,6,2,20,60,90
9/18/22,15,4,11,2,17,23.5,88.2
9/19/22,22,18,4,2,24,75,91.7
9/20/22,22,11,11,1,23,47.8,95.7
9/21/22,32,20,12,1,33,60.6,97
9/22/22,26,16,10,0,26,61.5,100
9/23/22,18,13,5,2,20,65,90
9/24/22,6,2,4,1,7,28.6,85.7
9/25/22,12,9,3,0,12,75,100
9/26/22,22,16,6,2,24,66.7,91.7
9/27/22,32,27,5,0,32,84.4,100
9/28/22,23,9,14,0,23,39.1,100
9/29/22,23,15,8,0,23,65.2,100
9/30/22,15,9,6,0,15,60,100
10/1/22,9,6,3,0,9,66.7,100
10/2/22,6,6,0,0,6,100,100
10/3/22,2,1,1,1,3,33.3,66.7
10/4/22,23,12,11,4,27,44.4,85.2
10/5/22,20,11,9,1,21,52.4,95.2
10/6/22,13,10,3,0,13,76.9,100
10/7/22,17,12,5,1,18,66.7,94.4
10/8/22,6,3,3,1,7,42.9,85.7
10/10/22,16,13,3,0,16,81.3,100
10/11/22,9,8,1,0,9,88.9,100
10/12/22,6,5,1,2,8,62.5,75
10/13/22,11,8,3,1,12,66.7,91.7
10/14/22,7,2,5,1,8,25,87.5
10/15/22,8,8,0,0,8,100,100
10/16/22,7,6,1,1,8,75,87.5
10/17/22,15,10,5,0,15,66.7,100
10/18/22,8,7,1,0,8,87.5,100
10/19/22,9,5,4,1,10,50,90
10/20/22,8,6,2,1,9,66.7,88.9
10/21/22,5,4,1,2,7,57.1,71.4
10/22/22,2,2,0,2,4,50,50
10/23/22,2,2,0,0,2,100,100
10/24/22,6,6,0,0,6,100,100
10/25/22,5,1,4,1,6,16.7,83.3
10/26/22,13,8,5,1,14,57.1,92.9
10/27/22,8,6,2,0,8,75,100
10/28/22,6,5,1,0,6,83.3,100
10/29/22,3,2,1,0,3,66.7,100
10/30/22,2,2,0,0,2,100,100
10/31/22,6,5,1,0,6,83.3,100
11/1/22,11,6,5,0,11,54.5,100
11/2/22,15,11,4,1,16,68.8,93.8
11/3/22,9,6,3,0,9,66.7,100
11/4/22,10,7,3,0,10,70,100
11/5/22,2,2,0,0,2,100,100
11/7/22,10,7,3,3,13,53.8,76.9
11/8/22,17,12,5,0,17,70.6,100
11/9/22,9,8,1,1,10,80,90
11/10/22,11,5,6,0,11,45.5,100
11/11/22,3,2,1,0,3,66.7,100
11/12/22,5,4,1,0,5,80,100
11/13/22,6,6,0,0,6,100,100
11/14/22,16,12,4,2,18,66.7,88.9
11/15/22,8,4,4,3,11,36.4,72.7
11/16/22,18,14,4,7,25,56,72
11/17/22,16,12,4,1,17,70.6,94.1
11/18/22,17,14,3,2,19,73.7,89.5
11/19/22,12,9,3,1,13,69.2,92.3
11/20/22,13,10,3,1,14,71.4,92.9
11/21/22,21,13,8,2,23,56.5,91.3
11/22/22,35,25,10,3,38,65.8,92.1
11/23/22,17,14,3,1,18,77.8,94.4
11/26/22,23,15,8,1,24,62.5,95.8
11/27/22,18,11,7,2,20,55,90
11/28/22,42,29,13,8,50,58,84
11/29/22,39,23,16,11,50,46,78
11/30/22,37,27,10,2,39,69.2,94.9
12/1/22,35,28,7,2,37,75.7,94.6
12/2/22,22,13,9,1,23,56.5,95.7
12/3/22,15,14,1,2,17,82.4,88.2
12/4/22,13,11,2,0,13,84.6,100
12/5/22,32,15,17,5,37,40.5,86.5
12/6/22,16,11,5,2,18,61.1,88.9
12/7/22,42,25,17,10,52,48.1,80.8
12/8/22,43,25,18,6,49,51,87.8
12/9/22,22,14,8,5,27,51.9,81.5
12/10/22,5,5,0,1,6,83.3,83.3
12/11/22,6,3,3,0,6,50,100
12/12/22,15,4,11,2,17,23.5,88.2
12/13/22,21,10,11,3,24,41.7,87.5
12/14/22,40,22,18,2,42,52.4,95.2
12/15/22,14,5,9,2,16,31.3,87.5
12/16/22,6,5,1,2,8,62.5,75
12/17/22,1,1,0,0,1,100,100
12/18/22,5,4,1,0,5,80,100
12/19/22,29,24,5,4,33,72.7,87.9
12/20/22,13,6,7,3,16,37.5,81.3
12/21/22,16,10,6,0,16,62.5,100
12/22/22,11,6,5,2,13,46.2,84.6
12/27/22,22,14,8,4,26,53.8,84.6
12/28/22,22,13,9,3,25,52,88
12/29/22,17,9,8,2,19,47.4,89.5
1/3/23,21,15,6,4,25,60,84
1/4/23,14,13,1,4,18,72.2,77.8
1/5/23,12,9,3,3,15,60,80
1/6/23,13,7,6,9,22,31.8,59.1
1/7/23,5,4,1,2,7,57.1,71.4
1/8/23,15,9,6,4,19,47.4,78.9
1/9/23,33,22,11,10,43,51.2,76.7
1/10/23,20,12,8,10,30,40,66.7
1/11/23,10,7,3,7,17,41.2,58.8
1/12/23,10,7,3,5,15,46.7,66.7
1/13/23,12,7,5,9,21,33.3,57.1
1/14/23,2,1,1,0,2,50,100
1/15/23,4,2,2,3,7,28.6,57.1
1/16/23,2,2,0,1,3,66.7,66.7
1/17/23,7,7,0,8,15,46.7,46.7
1/18/23,6,4,2,9,15,26.7,40
1/19/23,9,5,4,12,21,23.8,42.9
1/20/23,12,8,4,9,21,38.1,57.1
1/21/23,1,0,1,1,2,0,50
1/22/23,3,2,1,1,4,50,75
1/23/23,9,9,0,6,15,60,60
1/24/23,9,7,2,9,18,38.9,50
1/25/23,21,10,11,12,33,30.3,63.6
1/26/23,12,5,7,9,21,23.8,57.1
1/27/23,15,8,7,10,25,32,60
1/28/23,5,4,1,7,12,33.3,41.7
1/29/23,5,4,1,2,7,57.1,71.4
1/30/23,8,6,2,4,12,50,66.7
1/31/23,2,2,0,10,12,16.7,16.7
2/1/23,4,2,2,12,16,12.5,25
2/2/23,7,5,2,3,10,50,70
2/3/23,4,3,1,6,10,30,40
2/5/23,2,2,0,6,8,25,25
2/6/23,3,0,3,15,18,0,16.7
2/7/23,4,3,1,12,16,18.8,25
2/8/23,4,2,2,9,13,15.4,30.8
2/9/23,5,3,2,9,14,21.4,35.7
2/10/23,2,0,2,8,10,0,20
2/11/23,1,1,0,0,1,100,100
2/13/23,6,3,3,13,19,15.8,31.6
2/14/23,1,0,1,7,8,0,12.5
2/15/23,1,0,1,8,9,0,11.1
2/16/23,1,1,0,2,3,33.3,33.3
2/17/23,1,1,0,7,8,12.5,12.5
2/20/23,1,0,1,9,10,0,10
2/21/23,5,1,4,14,19,5.3,26.3
2/22/23,2,1,1,14,16,6.25,12.5
2/23/23,3,3,0,6,9,33.3,33.3
2/24/23,1,0,1,7,8,0,12.5
2/25/23,0,0,0,2,2,0,0
2/27/23,2,1,1,10,12,8.3,16.7
2/28/23,2,1,1,20,22,4.5,9.1
3/1/23,1,0,1,11,12,0,8.3
3/2/23,0,0,0,8,8,0,0
3/3/23,1,1,0,6,7,14.3,14.3
3/4/23,1,0,1,4,5,0,20
3/6/23,1,0,1,8,9,0,11.1
3/7/23,0,0,0,9,9,0,0
3/8/23,1,0,1,10,11,0,9.1
3/9/23,1,1,0,5,6,16.7,16.7
3/10/23,0,0,0,7,7,0,0
3/11/23,0,0,0,8,8,0,0
3/13/23,0,0,0,11,11,0,0
3/14/23,0,0,0,11,11,0,0
3/15/23,0,0,0,13,13,0,0
3/16/23,1,0,1,10,11,0,9.1
3/17/23,0,0,0,4,4,0,0
3/18/23,0,0,0,5,5,0,0
3/20/23,0,0,0,14,14,0,0
3/21/23,0,0,0,6,6,0,0
3/22/23,0,0,0,6,6,0,0
3/23/23,1,1,0,7,8,12.5,12.5
3/24/23,0,0,0,6,6,0,0
3/27/23,0,0,0,7,7,0,0
3/28/23,1,1,0,5,6,16.7,16.7
3/29/23,0,0,0,3,3,0,0
4/3/23,0,0,0,8,8,0,0
4/4/23,2,0,2,12,14,0,14.3
4/5/23,2,0,2,9,11,0,18.2
4/6/23,0,0,0,7,7,0,0
4/7/23,0,0,0,5,5,0,0
4/10/23,1,0,1,12,13,0,7.7
4/11/23,1,0,1,5,6,0,16.7
4/12/23,1,0,1,4,5,0,20
4/13/23,0,0,0,4,4,0,0
4/14/23,0,0,0,4,4,0,0
4/17/23,0,0,0,6,6,0,0
4/18/23,0,0,0,6,6,0,0
4/19/23,0,0,0,3,3,0,0
4/20/23,0,0,0,4,4,0,0
4/21/23,0,0,0,4,4,0,0
4/24/23,0,0,0,3,3,0,0
4/26/23,0,0,0,1,1,0,0
4/27/23,0,0,0,19,19,0,0
4/28/23,0,0,0,2,2,0,0
4/29/23,0,0,0,1,1,0,0
5/1/23,0,0,0,6,6,0,0
5/2/23,0,0,0,2,2,0,0
5/3/23,0,0,0,5,5,0,0
5/4/23,0,0,0,5,5,0,0
5/6/23,0,0,0,1,1,0,0
5/8/23,0,0,0,3,3,0,0
5/9/23,0,0,0,2,2,0,0
5/10/23,1,0,1,2,3,0,33.3
5/11/23,1,1,0,3,4,25,25
5/12/23,0,0,0,1,1,0,0
5/13/23,0,0,0,1,1,0,0
5/15/23,0,0,0,1,1,0,0
5/16/23,0,0,0,1,1,0,0
5/17/23,0,0,0,3,3,0,0
5/18/23,0,0,0,1,1,0,0
5/19/23,0,0,0,2,2,0,0
5/20/23,0,0,0,1,1,0,0
5/22/23,0,0,0,1,1,0,0
5/23/23,0,0,0,1,1,0,0
5/24/23,0,0,0,3,3,0,0
5/25/23,0,0,0,5,5,0,0
5/26/23,0,0,0,6,6,0,0
5/27/23,0,0,0,1,1,0,0
5/29/23,0,0,0,3,3,0,0
5/30/23,0,0,0,1,1,0,0
5/31/23,0,0,0,4,4,0,0
6/1/23,0,0,0,2,2,0,0
6/2/23,0,0,0,2,2,0,0
6/3/23,1,0,1,0,1,0,100
6/5/23,2,0,2,3,5,0,40
6/6/23,0,0,0,3,3,0,0
6/7/23,0,0,0,7,7,0,0
6/8/23,0,0,0,2,2,0,0
6/9/23,0,0,0,4,4,0,0
6/10/23,0,0,0,3,3,0,0
6/12/23,0,0,0,6,6,0,0
6/13/23,0,0,0,3,3,0,0
6/14/23,0,0,0,4,4,0,0
6/15/23,0,0,0,3,3,0,0
6/16/23,0,0,0,1,1,0,0
6/17/23,0,0,0,2,2,0,0
6/20/23,1,0,1,3,4,0,25
6/21/23,0,0,0,1,1,0,0
6/23/23,0,0,0,3,3,0,0
6/26/23,0,0,0,1,1,0,0
6/28/23,0,0,0,1,1,0,0
6/29/23,2,0,2,4,6,0,33.3
6/30/23,0,0,0,3,3,0,0
7/3/23,0,0,0,3,3,0,0
7/5/23,0,0,0,4,4,0,0
7/6/23,0,0,0,2,2,0,0
7/7/23,0,0,0,4,4,0,0
7/11/23,0,0,0,2,2,0,0
7/12/23,0,0,0,4,4,0,0
7/13/23,1,0,1,1,2,0,50
7/14/23,0,0,0,1,1,0,0
7/17/23,0,0,0,3,3,0,0
7/18/23,0,0,0,3,3,0,0
7/19/23,0,0,0,3,3,0,0
7/21/23,0,0,0,4,4,0,0
7/24/23,0,0,0,1,1,0,0
7/25/23,0,0,0,5,5,0,0
7/26/23,0,0,0,4,4,0,0
7/27/23,0,0,0,1,1,0,0
7/28/23,0,0,0,4,4,0,0
7/31/23,1,0,1,5,6,0,16.7
8/1/23,0,0,0,2,2,0,0
8/2/23,0,0,0,1,1,0,0
8/3/23,0,0,0,8,8,0,0
8/4/23,0,0,0,1,1,0,0
8/7/23,0,0,0,2,2,0,0
8/8/23,2,0,2,6,8,0,25
8/9/23,1,1,0,5,6,16.7,16.7
8/10/23,0,0,0,4,4,0,0
8/11/23,1,0,1,3,4,0,25
8/14/23,2,0,2,8,10,0,20
8/15/23,0,0,0,8,8,0,0
8/16/23,1,0,1,7,8,0,12.5
8/17/23,0,0,0,3,3,0,0
8/18/23,1,0,1,1,2,0,50
8/21/23,0,0,0,7,7,0,0
8/22/23,0,0,0,5,5,0,0
8/23/23,1,0,1,4,5,0,20
8/24/23,1,1,0,6,7,14.3,14.3
8/25/23,0,0,0,9,9,0,0
8/28/23,0,0,0,9,9,0,0
8/29/23,0,0,0,6,6,0,0
8/30/23,0,0,0,2,2,0,0
8/31/23,0,0,0,9,9,0,0
9/1/23,0,0,0,3,3,0,0
9/5/23,0,0,0,14,14,0,0
9/6/23,0,0,0,7,7,0,0
9/7/23,0,0,0,10,10,0,0
9/8/23,0,0,0,19,19,0,0
9/11/23,0,0,0,6,6,0,0
9/12/23,0,0,0,6,6,0,0
9/13/23,0,0,0,6,6,0,0
9/14/23,0,0,0,6,6,0,0
9/15/23,0,0,0,4,4,0,0
9/18/23,0,0,0,7,7,0,0
9/19/23,0,0,0,6,6,0,0
9/20/23,0,0,0,5,5,0,0
9/21/23,0,0,0,2,2,0,0
9/22/23,0,0,0,4,4,0,0
9/24/23,0,0,0,2,2,0,0
9/25/23,0,0,0,10,10,0,0
9/26/23,0,0,0,5,5,0,0
9/27/23,0,0,0,5,5,0,0
9/28/23,0,0,0,8,8,0,0
9/29/23,0,0,0,4,4,0,0
10/2/23,0,0,0,9,9,0,0
10/3/23,0,0,0,12,12,0,0
10/4/23,0,0,0,8,8,0,0
10/5/23,0,0,0,2,2,0,0
10/6/23,0,0,0,6,6,0,0
10/9/23,1,0,1,6,7,0,14.3
10/10/23,0,0,0,3,3,0,0
10/11/23,0,0,0,8,8,0,0